[gd_scene load_steps=7 format=2]

[ext_resource path="res://scenes/maze_level/MazeLevel.gd" type="Script" id=1]
[ext_resource path="res://audio/maze-level-song.wav" type="AudioStream" id=2]
[ext_resource path="res://img/ground.png" type="Texture" id=3]
[ext_resource path="res://scenes/maze_level/WorldEnvironment.gd" type="Script" id=5]

[sub_resource type="Environment" id=1]
ambient_light_color = Color( 1, 1, 1, 1 )
ambient_light_energy = 0.0
fog_enabled = true

[sub_resource type="SpatialMaterial" id=2]
albedo_color = Color( 0.301961, 0.333333, 0.294118, 1 )
albedo_texture = ExtResource( 3 )

[node name="MazeLevel" type="Spatial"]
script = ExtResource( 1 )

[node name="WorldEnvironment" type="WorldEnvironment" parent="."]
environment = SubResource( 1 )
script = ExtResource( 5 )

[node name="MultiMeshInstance" type="MultiMeshInstance" parent="WorldEnvironment"]

[node name="CSGBox" type="CSGBox" parent="WorldEnvironment"]
use_collision = true
height = 0.1
material = SubResource( 2 )

[node name="Song" type="AudioStreamPlayer" parent="."]
stream = ExtResource( 2 )
volume_db = -22.366

[node name="DirectionalLight" type="DirectionalLight" parent="."]
transform = Transform( 1, 0, 0, 0, 0.707107, 0.707107, 0, -0.707107, 0.707107, -0.997034, 8.38418, 6.14124 )

[node name="DirectionalLight2" type="DirectionalLight" parent="."]
transform = Transform( 1, 0, 0, 0, -0.707107, 0.707107, 0, -0.707107, -0.707107, -0.7806, 6.71001, -5.98375 )

[node name="DirectionalLight3" type="DirectionalLight" parent="."]
transform = Transform( -1.62921e-07, 0.707107, -0.707107, 0, 0.707107, 0.707107, 1, 1.15202e-07, -1.15202e-07, -7.04351, 5.14169, 0 )

[node name="DirectionalLight4" type="DirectionalLight" parent="."]
transform = Transform( -1.62921e-07, -0.707107, 0.707107, 0, 0.707107, 0.707107, -1, 1.15202e-07, -1.15202e-07, 4.54031, 5.42836, 0 )
